DeerMouse_1	P55063.2	100.000	60	0	0	1	60	1	60	1.85e-35	127
DeerMouse_1	P16627.4	100.000	60	0	0	1	60	1	60	2.10e-35	127
DeerMouse_1	Q4R888.1	96.667	60	2	0	1	60	1	60	1.23e-33	122
DeerMouse_1	P0CB32.1	96.667	60	2	0	1	60	1	60	2.42e-33	122
DeerMouse_1	A5A8V7.1	96.667	60	2	0	1	60	1	60	2.70e-33	121
DeerMouse_1	Q27975.2	98.214	56	1	0	5	60	3	58	7.30e-32	117
DeerMouse_1	P08106.1	98.214	56	1	0	5	60	4	59	8.93e-32	117
DeerMouse_1	Q9TUG3.1	96.429	56	2	0	5	60	4	59	1.95e-31	116
DeerMouse_1	P34933.2	96.429	56	2	0	5	60	4	59	2.01e-31	116
DeerMouse_1	P14659.2	96.429	56	2	0	5	60	4	59	2.10e-31	116
DeerMouse_1	P54652.1	96.429	56	2	0	5	60	4	59	2.32e-31	116
DeerMouse_1	Q6S4N2.1	96.429	56	2	0	5	60	3	58	3.07e-31	115
DeerMouse_1	Q28222.1	96.429	56	2	0	5	60	3	58	5.57e-31	115
DeerMouse_1	Q7YQC6.1	96.429	56	2	0	5	60	3	58	5.71e-31	115
DeerMouse_1	P0DMV8.1	96.429	56	2	0	5	60	3	58	6.12e-31	115
DeerMouse_1	Q61696.2	96.429	56	2	0	5	60	3	58	6.24e-31	115
DeerMouse_1	P17879.3	96.429	56	2	0	5	60	3	58	6.31e-31	115
DeerMouse_1	Q27965.1	96.429	56	2	0	5	60	3	58	6.42e-31	115
DeerMouse_1	Q4U0F3.1	96.429	56	2	0	5	60	3	58	6.62e-31	115
DeerMouse_1	P0DMW0.1	96.429	56	2	0	5	60	3	58	7.74e-31	114
DeerMouse_1	P41827.1	98.113	53	1	0	8	60	4	56	3.48e-30	113
DeerMouse_1	P41826.1	98.113	53	1	0	8	60	4	56	3.99e-30	112
DeerMouse_1	P41825.1	98.113	53	1	0	8	60	4	56	3.99e-30	112
DeerMouse_1	P27541.1	98.113	53	1	0	8	60	5	57	1.17e-29	111
DeerMouse_1	P08418.2	96.226	53	2	0	8	60	4	56	2.03e-29	110
DeerMouse_1	O97125.1	96.226	53	2	0	8	60	3	55	3.36e-29	110
DeerMouse_2	Q2TBX4.1	100.000	60	0	0	1	60	1	60	1.94e-34	123
DeerMouse_2	O35162.2	100.000	60	0	0	1	60	1	60	2.60e-34	123
DeerMouse_2	Q8BM72.1	100.000	60	0	0	1	60	1	60	2.79e-34	123
DeerMouse_2	P48723.1	98.333	60	1	0	1	60	1	60	9.51e-34	121
DeerMouse_2	Q5R8D9.1	98.333	60	1	0	1	60	1	60	1.12e-33	121
DeerMouse_3	Q9W6Y1.1	100.000	60	0	0	1	60	1	60	1.83e-35	128
DeerMouse_3	P63017.1	100.000	60	0	0	1	60	1	60	1.86e-35	127
DeerMouse_3	A2Q0Z1.1	100.000	60	0	0	1	60	1	60	1.96e-35	127
DeerMouse_3	P19378.1	100.000	60	0	0	1	60	1	60	1.96e-35	127
DeerMouse_3	Q5NVM9.2	100.000	60	0	0	1	60	1	60	2.08e-35	127
DeerMouse_3	P19120.2	100.000	60	0	0	1	60	1	60	2.19e-35	127
DeerMouse_3	Q90473.1	100.000	60	0	0	1	60	1	60	2.36e-35	127
DeerMouse_3	O73885.1	100.000	60	0	0	1	60	1	60	2.61e-35	127
DeerMouse_3	P47773.1	98.333	60	1	0	1	60	1	60	6.00e-35	126
DeerMouse_3	P08108.2	98.333	60	1	0	1	60	1	60	8.28e-35	126
DeerMouse_3	Q24789.1	98.333	60	1	0	1	60	2	61	8.36e-35	126
DeerMouse_3	P11147.3	98.333	60	1	0	1	60	1	60	1.26e-34	125
DeerMouse_3	P08106.1	98.276	58	1	0	3	60	4	61	6.12e-34	123
DeerMouse_3	P02827.1	96.610	59	2	0	2	60	3	61	1.59e-32	119
DeerMouse_3	P41827.1	96.364	55	2	0	6	60	4	58	6.74e-31	115
DeerMouse_3	P41826.1	96.364	55	2	0	6	60	4	58	7.08e-31	115
DeerMouse_3	P41825.1	96.364	55	2	0	6	60	4	58	7.08e-31	115
DeerMouse_4	P48722.2	100.000	60	0	0	1	60	1	60	1.82e-35	128
DeerMouse_4	O95757.3	100.000	60	0	0	1	60	1	60	1.82e-35	128
GroundSquirrel_2	Q0VDF9.1	98.333	60	1	0	1	60	1	60	9.25e-34	122
GroundSquirrel_2	Q5RE21.1	98.333	60	1	0	1	60	1	60	1.00e-33	122
GroundSquirrel_2	Q4R6J2.1	98.333	60	1	0	1	60	1	60	1.07e-33	122
GroundSquirrel_3	Q2TBX4.1	100.000	60	0	0	1	60	1	60	1.94e-34	123
GroundSquirrel_3	O35162.2	100.000	60	0	0	1	60	1	60	2.60e-34	123
GroundSquirrel_3	Q8BM72.1	100.000	60	0	0	1	60	1	60	2.79e-34	123
GroundSquirrel_3	P48723.1	98.333	60	1	0	1	60	1	60	9.51e-34	121
GroundSquirrel_3	Q5R8D9.1	98.333	60	1	0	1	60	1	60	1.12e-33	121
GroundSquirrel_4	Q3S4T7.1	100.000	60	0	0	1	60	1	60	6.41e-34	123
GroundSquirrel_4	Q5R4P0.1	96.667	60	2	0	1	60	1	60	2.00e-32	119
GroundSquirrel_4	P11021.2	96.667	60	2	0	1	60	1	60	2.02e-32	119
GroundSquirrel_5	P38646.2	96.667	60	2	0	1	60	1	60	4.20e-30	112
GroundSquirrel_6	P0CB32.1	100.000	60	0	0	1	60	1	60	6.27e-35	126
GroundSquirrel_6	A5A8V7.1	100.000	60	0	0	1	60	1	60	7.06e-35	126
GroundSquirrel_6	Q4R888.1	98.333	60	1	0	1	60	1	60	3.81e-34	124
GroundSquirrel_6	P34931.2	96.667	60	2	0	1	60	1	60	1.45e-33	122
GroundSquirrel_6	P55063.2	96.667	60	2	0	1	60	1	60	1.63e-33	122
GroundSquirrel_6	P16627.4	96.667	60	2	0	1	60	1	60	1.86e-33	122
GroundSquirrel_6	P17879.3	98.246	57	1	0	4	60	2	58	3.13e-32	119
GroundSquirrel_6	Q61696.2	98.246	57	1	0	4	60	2	58	3.28e-32	119
GroundSquirrel_6	Q4U0F3.1	98.246	57	1	0	4	60	2	58	3.28e-32	119
GroundSquirrel_6	Q27965.1	98.246	57	1	0	4	60	2	58	3.35e-32	118
GroundSquirrel_6	P0DMW0.1	98.246	57	1	0	4	60	2	58	4.37e-32	118
GroundSquirrel_6	Q6S4N2.1	96.491	57	2	0	4	60	2	58	1.37e-31	117
GroundSquirrel_6	Q28222.1	96.491	57	2	0	4	60	2	58	1.46e-31	117
GroundSquirrel_6	P0DMV8.1	96.491	57	2	0	4	60	2	58	1.47e-31	117
GroundSquirrel_6	Q7YQC6.1	96.491	57	2	0	4	60	2	58	1.48e-31	117
GroundSquirrel_6	Q27975.2	96.491	57	2	0	4	60	2	58	1.53e-31	117
GroundSquirrel_6	P41827.1	96.296	54	2	0	7	60	3	56	2.15e-30	113
GroundSquirrel_6	P41825.1	96.296	54	2	0	7	60	3	56	2.32e-30	113
GroundSquirrel_6	P41826.1	96.296	54	2	0	7	60	3	56	2.47e-30	113
GroundSquirrel_6	P27541.1	98.113	53	1	0	8	60	5	57	1.08e-29	111
GroundSquirrel_6	P08418.2	96.226	53	2	0	8	60	4	56	1.84e-29	110
GroundSquirrel_6	P91902.1	96.226	53	2	0	8	60	3	55	1.99e-29	110
GroundSquirrel_6	O97125.1	96.226	53	2	0	8	60	3	55	3.24e-29	110
GroundSquirrel_7	Q9W6Y1.1	100.000	60	0	0	1	60	1	60	1.83e-35	128
GroundSquirrel_7	P63017.1	100.000	60	0	0	1	60	1	60	1.86e-35	127
GroundSquirrel_7	A2Q0Z1.1	100.000	60	0	0	1	60	1	60	1.96e-35	127
GroundSquirrel_7	P19378.1	100.000	60	0	0	1	60	1	60	1.96e-35	127
GroundSquirrel_7	Q5NVM9.2	100.000	60	0	0	1	60	1	60	2.08e-35	127
GroundSquirrel_7	P19120.2	100.000	60	0	0	1	60	1	60	2.19e-35	127
GroundSquirrel_7	Q90473.1	100.000	60	0	0	1	60	1	60	2.36e-35	127
GroundSquirrel_7	O73885.1	100.000	60	0	0	1	60	1	60	2.61e-35	127
GroundSquirrel_7	P47773.1	98.333	60	1	0	1	60	1	60	6.00e-35	126
GroundSquirrel_7	P08108.2	98.333	60	1	0	1	60	1	60	8.28e-35	126
GroundSquirrel_7	Q24789.1	98.333	60	1	0	1	60	2	61	8.36e-35	126
GroundSquirrel_7	P11147.3	98.333	60	1	0	1	60	1	60	1.26e-34	125
GroundSquirrel_7	P08106.1	98.276	58	1	0	3	60	4	61	6.12e-34	123
GroundSquirrel_7	P02827.1	96.610	59	2	0	2	60	3	61	1.59e-32	119
GroundSquirrel_7	P41827.1	96.364	55	2	0	6	60	4	58	6.74e-31	115
GroundSquirrel_7	P41826.1	96.364	55	2	0	6	60	4	58	7.08e-31	115
GroundSquirrel_7	P41825.1	96.364	55	2	0	6	60	4	58	7.08e-31	115
GroundSquirrel_8	Q96MM6.2	96.667	60	2	0	1	60	1	60	1.66e-31	117
GroundSquirrel_9	Q5RDM4.1	98.333	60	1	0	1	60	1	60	9.85e-36	129
GroundSquirrel_9	Q2TFN9.1	98.333	60	1	0	1	60	1	60	9.85e-36	129
GroundSquirrel_9	P34932.4	98.333	60	1	0	1	60	1	60	9.85e-36	129
GroundSquirrel_9	Q61316.1	96.667	60	2	0	1	60	1	60	1.62e-35	128
GroundSquirrel_10	P50503.1	96.610	59	2	0	1	59	1	59	2.38e-34	122
GroundSquirrel_10	Q99L47.1	96.610	59	2	0	1	59	1	59	2.58e-34	121
GroundSquirrel_16	Q99P31.1	96.667	60	2	0	1	60	1	60	1.24e-31	114
GroundSquirrel_18	P0DMW0.1	98.333	60	1	0	1	60	1	60	3.16e-34	124
GroundSquirrel_18	Q28222.1	98.333	60	1	0	1	60	1	60	3.42e-34	124
GroundSquirrel_18	P0DMV8.1	98.333	60	1	0	1	60	1	60	3.55e-34	124
GroundSquirrel_18	Q61696.2	98.333	60	1	0	1	60	1	60	4.08e-34	124
GroundSquirrel_18	P17879.3	98.333	60	1	0	1	60	1	60	4.18e-34	124
GroundSquirrel_18	Q27965.1	98.333	60	1	0	1	60	1	60	4.33e-34	124
GroundSquirrel_18	Q4U0F3.1	98.333	60	1	0	1	60	1	60	4.55e-34	124
GroundSquirrel_18	Q6S4N2.1	96.667	60	2	0	1	60	1	60	7.54e-34	123
GroundSquirrel_18	Q7YQC6.1	96.667	60	2	0	1	60	1	60	8.75e-34	123
GroundSquirrel_18	Q27975.2	96.667	60	2	0	1	60	1	60	1.99e-33	122
GroundSquirrel_18	P0CB32.1	98.305	59	1	0	2	60	4	62	2.31e-33	122
GroundSquirrel_18	A5A8V7.1	98.305	59	1	0	2	60	4	62	2.40e-33	122
GroundSquirrel_18	Q4R888.1	96.610	59	2	0	2	60	4	62	1.30e-32	119
GroundSquirrel_18	P34931.2	96.610	59	2	0	2	60	4	62	1.52e-32	119
GroundSquirrel_18	P08106.1	96.552	58	2	0	3	60	4	61	2.60e-32	119
GroundSquirrel_18	P55063.2	96.552	58	2	0	3	60	5	62	3.55e-32	118
GroundSquirrel_18	P16627.4	96.552	58	2	0	3	60	5	62	3.70e-32	118
GroundSquirrel_18	P41827.1	96.429	56	2	0	5	60	3	58	1.47e-31	117
GroundSquirrel_18	P41825.1	96.429	56	2	0	5	60	3	58	1.57e-31	117
GroundSquirrel_18	P41826.1	96.429	56	2	0	5	60	3	58	1.72e-31	116
GroundSquirrel_18	P27541.1	98.182	55	1	0	6	60	5	59	6.92e-31	115
GroundSquirrel_18	P08418.2	96.364	55	2	0	6	60	4	58	1.16e-30	114
GroundSquirrel_18	P91902.1	96.364	55	2	0	6	60	3	57	1.28e-30	114
GroundSquirrel_18	O97125.1	96.364	55	2	0	6	60	3	57	2.15e-30	113
GroundSquirrel_19	P0DMW0.1	98.333	60	1	0	1	60	1	60	3.16e-34	124
GroundSquirrel_19	Q28222.1	98.333	60	1	0	1	60	1	60	3.42e-34	124
GroundSquirrel_19	P0DMV8.1	98.333	60	1	0	1	60	1	60	3.55e-34	124
GroundSquirrel_19	Q61696.2	98.333	60	1	0	1	60	1	60	4.08e-34	124
GroundSquirrel_19	P17879.3	98.333	60	1	0	1	60	1	60	4.18e-34	124
GroundSquirrel_19	Q27965.1	98.333	60	1	0	1	60	1	60	4.33e-34	124
GroundSquirrel_19	Q4U0F3.1	98.333	60	1	0	1	60	1	60	4.55e-34	124
GroundSquirrel_19	Q6S4N2.1	96.667	60	2	0	1	60	1	60	7.54e-34	123
GroundSquirrel_19	Q7YQC6.1	96.667	60	2	0	1	60	1	60	8.75e-34	123
GroundSquirrel_19	Q27975.2	96.667	60	2	0	1	60	1	60	1.99e-33	122
GroundSquirrel_19	P0CB32.1	98.305	59	1	0	2	60	4	62	2.31e-33	122
GroundSquirrel_19	A5A8V7.1	98.305	59	1	0	2	60	4	62	2.40e-33	122
GroundSquirrel_19	Q4R888.1	96.610	59	2	0	2	60	4	62	1.30e-32	119
GroundSquirrel_19	P34931.2	96.610	59	2	0	2	60	4	62	1.52e-32	119
GroundSquirrel_19	P08106.1	96.552	58	2	0	3	60	4	61	2.60e-32	119
GroundSquirrel_19	P55063.2	96.552	58	2	0	3	60	5	62	3.55e-32	118
GroundSquirrel_19	P16627.4	96.552	58	2	0	3	60	5	62	3.70e-32	118
GroundSquirrel_19	P41827.1	96.429	56	2	0	5	60	3	58	1.47e-31	117
GroundSquirrel_19	P41825.1	96.429	56	2	0	5	60	3	58	1.57e-31	117
GroundSquirrel_19	P41826.1	96.429	56	2	0	5	60	3	58	1.72e-31	116
GroundSquirrel_19	P27541.1	98.182	55	1	0	6	60	5	59	6.92e-31	115
GroundSquirrel_19	P08418.2	96.364	55	2	0	6	60	4	58	1.16e-30	114
GroundSquirrel_19	P91902.1	96.364	55	2	0	6	60	3	57	1.28e-30	114
GroundSquirrel_19	O97125.1	96.364	55	2	0	6	60	3	57	2.15e-30	113
GuineaPig_1	Q2TBX4.1	100.000	60	0	0	1	60	1	60	1.94e-34	123
GuineaPig_1	O35162.2	100.000	60	0	0	1	60	1	60	2.60e-34	123
GuineaPig_1	Q8BM72.1	100.000	60	0	0	1	60	1	60	2.79e-34	123
GuineaPig_1	P48723.1	98.333	60	1	0	1	60	1	60	9.51e-34	121
GuineaPig_1	Q5R8D9.1	98.333	60	1	0	1	60	1	60	1.12e-33	121
GuineaPig_2	Q5RDM4.1	100.000	60	0	0	1	60	1	60	6.48e-36	129
GuineaPig_2	Q2TFN9.1	100.000	60	0	0	1	60	1	60	6.48e-36	129
GuineaPig_2	P34932.4	100.000	60	0	0	1	60	1	60	6.48e-36	129
GuineaPig_2	Q61316.1	98.333	60	1	0	1	60	1	60	1.06e-35	129
GuineaPig_2	O88600.1	96.667	60	2	0	1	60	1	60	1.75e-35	128
GuineaPig_5	Q9W6Y1.1	100.000	60	0	0	1	60	1	60	1.83e-35	128
GuineaPig_5	P63017.1	100.000	60	0	0	1	60	1	60	1.86e-35	127
GuineaPig_5	A2Q0Z1.1	100.000	60	0	0	1	60	1	60	1.96e-35	127
GuineaPig_5	P19378.1	100.000	60	0	0	1	60	1	60	1.96e-35	127
GuineaPig_5	Q5NVM9.2	100.000	60	0	0	1	60	1	60	2.08e-35	127
GuineaPig_5	P19120.2	100.000	60	0	0	1	60	1	60	2.19e-35	127
GuineaPig_5	Q90473.1	100.000	60	0	0	1	60	1	60	2.36e-35	127
GuineaPig_5	O73885.1	100.000	60	0	0	1	60	1	60	2.61e-35	127
GuineaPig_5	P47773.1	98.333	60	1	0	1	60	1	60	6.00e-35	126
GuineaPig_5	P08108.2	98.333	60	1	0	1	60	1	60	8.28e-35	126
GuineaPig_5	Q24789.1	98.333	60	1	0	1	60	2	61	8.36e-35	126
GuineaPig_5	P11147.3	98.333	60	1	0	1	60	1	60	1.26e-34	125
GuineaPig_5	P08106.1	98.276	58	1	0	3	60	4	61	6.12e-34	123
GuineaPig_5	P02827.1	96.610	59	2	0	2	60	3	61	1.59e-32	119
GuineaPig_5	P41827.1	96.364	55	2	0	6	60	4	58	6.74e-31	115
GuineaPig_5	P41826.1	96.364	55	2	0	6	60	4	58	7.08e-31	115
GuineaPig_5	P41825.1	96.364	55	2	0	6	60	4	58	7.08e-31	115
GuineaPig_6	Q9W6Y1.1	100.000	60	0	0	1	60	1	60	1.83e-35	128
GuineaPig_6	P63017.1	100.000	60	0	0	1	60	1	60	1.86e-35	127
GuineaPig_6	A2Q0Z1.1	100.000	60	0	0	1	60	1	60	1.96e-35	127
GuineaPig_6	P19378.1	100.000	60	0	0	1	60	1	60	1.96e-35	127
GuineaPig_6	Q5NVM9.2	100.000	60	0	0	1	60	1	60	2.08e-35	127
GuineaPig_6	P19120.2	100.000	60	0	0	1	60	1	60	2.19e-35	127
GuineaPig_6	Q90473.1	100.000	60	0	0	1	60	1	60	2.36e-35	127
GuineaPig_6	O73885.1	100.000	60	0	0	1	60	1	60	2.61e-35	127
GuineaPig_6	P47773.1	98.333	60	1	0	1	60	1	60	6.00e-35	126
GuineaPig_6	P08108.2	98.333	60	1	0	1	60	1	60	8.28e-35	126
GuineaPig_6	Q24789.1	98.333	60	1	0	1	60	2	61	8.36e-35	126
GuineaPig_6	P11147.3	98.333	60	1	0	1	60	1	60	1.26e-34	125
GuineaPig_6	P08106.1	98.276	58	1	0	3	60	4	61	6.12e-34	123
GuineaPig_6	P02827.1	96.610	59	2	0	2	60	3	61	1.59e-32	119
GuineaPig_6	P41827.1	96.364	55	2	0	6	60	4	58	6.74e-31	115
GuineaPig_6	P41826.1	96.364	55	2	0	6	60	4	58	7.08e-31	115
GuineaPig_6	P41825.1	96.364	55	2	0	6	60	4	58	7.08e-31	115
GuineaPig_7	Q9TUG3.1	98.333	60	1	0	1	60	1	60	6.10e-35	126
GuineaPig_7	P34933.2	98.333	60	1	0	1	60	1	60	6.74e-35	126
GuineaPig_7	P14659.2	98.333	60	1	0	1	60	1	60	6.94e-35	126
GuineaPig_7	P54652.1	98.333	60	1	0	1	60	1	60	7.23e-35	126
GuineaPig_7	P34931.2	96.552	58	2	0	3	60	4	61	8.30e-32	117
GuineaPig_7	P55063.2	96.491	57	2	0	4	60	5	61	1.67e-31	116
GuineaPig_7	P16627.4	96.491	57	2	0	4	60	5	61	1.95e-31	116
GuineaPig_7	Q06248.1	96.429	56	2	0	5	60	4	59	2.75e-31	116
GuineaPig_7	O97125.1	96.364	55	2	0	6	60	2	56	1.59e-30	114
GuineaPig_7	P41827.1	98.148	54	1	0	7	60	4	57	2.23e-30	113
GuineaPig_7	P41825.1	98.148	54	1	0	7	60	4	57	2.39e-30	113
GuineaPig_7	P41826.1	98.148	54	1	0	7	60	4	57	2.67e-30	113
GuineaPig_7	P27541.1	98.148	54	1	0	7	60	5	58	5.82e-30	112
GuineaPig_7	P91902.1	96.296	54	2	0	7	60	3	56	1.13e-29	111
GuineaPig_7	P08418.2	96.296	54	2	0	7	60	4	57	1.14e-29	111
GuineaPig_7	P09446.2	96.296	54	2	0	7	60	6	59	2.70e-29	110
GuineaPig_13	P34931.2	98.333	60	1	0	1	60	1	60	1.72e-34	125
GuineaPig_13	Q4R888.1	96.667	60	2	0	1	60	1	60	6.90e-34	123
GuineaPig_13	P55063.2	96.667	60	2	0	1	60	1	60	7.62e-34	123
GuineaPig_13	P16627.4	96.667	60	2	0	1	60	1	60	8.58e-34	123
GuineaPig_13	P0CB32.1	96.667	60	2	0	1	60	1	60	1.25e-33	122
GuineaPig_13	A5A8V7.1	96.667	60	2	0	1	60	1	60	1.48e-33	122
GuineaPig_13	Q27975.2	98.246	57	1	0	4	60	2	58	1.80e-32	119
GuineaPig_13	Q6S4N2.1	96.491	57	2	0	4	60	2	58	8.71e-32	117
GuineaPig_13	Q28222.1	96.491	57	2	0	4	60	2	58	1.32e-31	117
GuineaPig_13	Q61696.2	96.491	57	2	0	4	60	2	58	1.50e-31	117
GuineaPig_13	P0DMV8.1	96.491	57	2	0	4	60	2	58	1.50e-31	117
GuineaPig_13	P17879.3	96.491	57	2	0	4	60	2	58	1.53e-31	117
GuineaPig_13	Q4U0F3.1	96.491	57	2	0	4	60	2	58	1.62e-31	116
GuineaPig_13	Q7YQC6.1	96.491	57	2	0	4	60	2	58	1.67e-31	116
GuineaPig_13	Q27965.1	96.491	57	2	0	4	60	2	58	1.82e-31	116
GuineaPig_13	P0DMW0.1	96.491	57	2	0	4	60	2	58	2.26e-31	116
GuineaPig_13	P41827.1	98.113	53	1	0	8	60	4	56	3.48e-30	113
GuineaPig_13	P41826.1	98.113	53	1	0	8	60	4	56	3.62e-30	113
GuineaPig_13	P41825.1	98.113	53	1	0	8	60	4	56	3.72e-30	112
GuineaPig_13	P27541.1	98.113	53	1	0	8	60	5	57	1.07e-29	111
GuineaPig_13	P08418.2	96.226	53	2	0	8	60	4	56	1.77e-29	111
GuineaPig_13	O97125.1	96.226	53	2	0	8	60	3	55	3.17e-29	110
GuineaPig_14	P48722.2	100.000	60	0	0	1	60	1	60	1.82e-35	128
GuineaPig_14	O95757.3	100.000	60	0	0	1	60	1	60	1.82e-35	128
GuineaPig_15	P48722.2	100.000	60	0	0	1	60	1	60	1.82e-35	128
GuineaPig_15	O95757.3	100.000	60	0	0	1	60	1	60	1.82e-35	128
NakedMoleRat_1	Q9W6Y1.1	100.000	60	0	0	1	60	1	60	1.83e-35	128
NakedMoleRat_1	P63017.1	100.000	60	0	0	1	60	1	60	1.86e-35	127
NakedMoleRat_1	A2Q0Z1.1	100.000	60	0	0	1	60	1	60	1.96e-35	127
NakedMoleRat_1	P19378.1	100.000	60	0	0	1	60	1	60	1.96e-35	127
NakedMoleRat_1	Q5NVM9.2	100.000	60	0	0	1	60	1	60	2.08e-35	127
NakedMoleRat_1	P19120.2	100.000	60	0	0	1	60	1	60	2.19e-35	127
NakedMoleRat_1	Q90473.1	100.000	60	0	0	1	60	1	60	2.36e-35	127
NakedMoleRat_1	O73885.1	100.000	60	0	0	1	60	1	60	2.61e-35	127
NakedMoleRat_1	P47773.1	98.333	60	1	0	1	60	1	60	6.00e-35	126
NakedMoleRat_1	P08108.2	98.333	60	1	0	1	60	1	60	8.28e-35	126
NakedMoleRat_1	Q24789.1	98.333	60	1	0	1	60	2	61	8.36e-35	126
NakedMoleRat_1	P11147.3	98.333	60	1	0	1	60	1	60	1.26e-34	125
NakedMoleRat_1	P08106.1	98.276	58	1	0	3	60	4	61	6.12e-34	123
NakedMoleRat_1	P02827.1	96.610	59	2	0	2	60	3	61	1.59e-32	119
NakedMoleRat_1	P41827.1	96.364	55	2	0	6	60	4	58	6.74e-31	115
NakedMoleRat_1	P41826.1	96.364	55	2	0	6	60	4	58	7.08e-31	115
NakedMoleRat_1	P41825.1	96.364	55	2	0	6	60	4	58	7.08e-31	115
NakedMoleRat_2	Q9W6Y1.1	100.000	60	0	0	1	60	1	60	1.83e-35	128
NakedMoleRat_2	P63017.1	100.000	60	0	0	1	60	1	60	1.86e-35	127
NakedMoleRat_2	A2Q0Z1.1	100.000	60	0	0	1	60	1	60	1.96e-35	127
NakedMoleRat_2	P19378.1	100.000	60	0	0	1	60	1	60	1.96e-35	127
NakedMoleRat_2	Q5NVM9.2	100.000	60	0	0	1	60	1	60	2.08e-35	127
NakedMoleRat_2	P19120.2	100.000	60	0	0	1	60	1	60	2.19e-35	127
NakedMoleRat_2	Q90473.1	100.000	60	0	0	1	60	1	60	2.36e-35	127
NakedMoleRat_2	O73885.1	100.000	60	0	0	1	60	1	60	2.61e-35	127
NakedMoleRat_2	P47773.1	98.333	60	1	0	1	60	1	60	6.00e-35	126
NakedMoleRat_2	P08108.2	98.333	60	1	0	1	60	1	60	8.28e-35	126
NakedMoleRat_2	Q24789.1	98.333	60	1	0	1	60	2	61	8.36e-35	126
NakedMoleRat_2	P11147.3	98.333	60	1	0	1	60	1	60	1.26e-34	125
NakedMoleRat_2	P08106.1	98.276	58	1	0	3	60	4	61	6.12e-34	123
NakedMoleRat_2	P02827.1	96.610	59	2	0	2	60	3	61	1.59e-32	119
NakedMoleRat_2	P41827.1	96.364	55	2	0	6	60	4	58	6.74e-31	115
NakedMoleRat_2	P41826.1	96.364	55	2	0	6	60	4	58	7.08e-31	115
NakedMoleRat_2	P41825.1	96.364	55	2	0	6	60	4	58	7.08e-31	115
NakedMoleRat_6	P48722.2	100.000	60	0	0	1	60	1	60	1.82e-35	128
NakedMoleRat_6	O95757.3	100.000	60	0	0	1	60	1	60	1.82e-35	128
NakedMoleRat_8	Q3S4T7.1	96.610	59	2	0	2	60	1	59	1.48e-30	114
NakedMoleRat_10	Q5RF31.1	96.610	59	2	0	1	59	1	59	5.75e-34	120
NakedMoleRat_10	P50502.2	96.610	59	2	0	1	59	1	59	6.32e-34	120
NakedMoleRat_16	Q2TBX4.1	100.000	60	0	0	1	60	1	60	1.94e-34	123
NakedMoleRat_16	O35162.2	100.000	60	0	0	1	60	1	60	2.60e-34	123
NakedMoleRat_16	Q8BM72.1	100.000	60	0	0	1	60	1	60	2.79e-34	123
NakedMoleRat_16	P48723.1	98.333	60	1	0	1	60	1	60	9.51e-34	121
NakedMoleRat_16	Q5R8D9.1	98.333	60	1	0	1	60	1	60	1.12e-33	121
NakedMoleRat_17	Q5RDM4.1	100.000	60	0	0	1	60	1	60	6.48e-36	129
NakedMoleRat_17	Q2TFN9.1	100.000	60	0	0	1	60	1	60	6.48e-36	129
NakedMoleRat_17	P34932.4	100.000	60	0	0	1	60	1	60	6.48e-36	129
NakedMoleRat_17	Q61316.1	98.333	60	1	0	1	60	1	60	1.06e-35	129
NakedMoleRat_17	O88600.1	96.667	60	2	0	1	60	1	60	1.75e-35	128
Rat_1	P48721.3	98.333	60	1	0	1	60	1	60	3.18e-31	115
Rat_1	P38647.3	96.667	60	2	0	1	60	1	60	1.38e-29	111
Rat_2	Q6IMX7.1	100.000	60	0	0	1	60	1	60	3.40e-33	118
Rat_3	Q9W6Y1.1	100.000	60	0	0	1	60	1	60	1.83e-35	128
Rat_3	P63017.1	100.000	60	0	0	1	60	1	60	1.86e-35	127
Rat_3	A2Q0Z1.1	100.000	60	0	0	1	60	1	60	1.96e-35	127
Rat_3	P19378.1	100.000	60	0	0	1	60	1	60	1.96e-35	127
Rat_3	Q5NVM9.2	100.000	60	0	0	1	60	1	60	2.08e-35	127
Rat_3	P19120.2	100.000	60	0	0	1	60	1	60	2.19e-35	127
Rat_3	Q90473.1	100.000	60	0	0	1	60	1	60	2.36e-35	127
Rat_3	O73885.1	100.000	60	0	0	1	60	1	60	2.61e-35	127
Rat_3	P47773.1	98.333	60	1	0	1	60	1	60	6.00e-35	126
Rat_3	P08108.2	98.333	60	1	0	1	60	1	60	8.28e-35	126
Rat_3	Q24789.1	98.333	60	1	0	1	60	2	61	8.36e-35	126
Rat_3	P11147.3	98.333	60	1	0	1	60	1	60	1.26e-34	125
Rat_3	P08106.1	98.276	58	1	0	3	60	4	61	6.12e-34	123
Rat_3	P02827.1	96.610	59	2	0	2	60	3	61	1.59e-32	119
Rat_3	P41827.1	96.364	55	2	0	6	60	4	58	6.74e-31	115
Rat_3	P41826.1	96.364	55	2	0	6	60	4	58	7.08e-31	115
Rat_3	P41825.1	96.364	55	2	0	6	60	4	58	7.08e-31	115
Rat_5	O88600.1	100.000	60	0	0	1	60	1	60	1.00e-35	129
Rat_5	Q61316.1	98.333	60	1	0	1	60	1	60	1.48e-35	128
Rat_5	Q2TFN9.1	96.667	60	2	0	1	60	1	60	2.23e-35	127
Rat_5	P34932.4	96.667	60	2	0	1	60	1	60	2.32e-35	127
Rat_5	Q5RDM4.1	96.667	60	2	0	1	60	1	60	2.71e-35	127
Rat_6	Q9TUG3.1	100.000	60	0	0	1	60	1	60	1.49e-35	128
Rat_6	P34933.2	100.000	60	0	0	1	60	1	60	1.64e-35	127
Rat_6	P54652.1	100.000	60	0	0	1	60	1	60	1.68e-35	127
Rat_6	P14659.2	100.000	60	0	0	1	60	1	60	1.69e-35	127
Rat_6	P08106.1	96.667	60	2	0	1	60	1	60	1.51e-34	125
Rat_6	Q91233.1	96.610	59	2	0	2	60	3	61	7.03e-34	123
Rat_6	P55063.2	96.491	57	2	0	4	60	5	61	1.27e-31	117
Rat_6	P16627.4	96.491	57	2	0	4	60	5	61	1.32e-31	117
Rat_6	Q06248.1	96.429	56	2	0	5	60	4	59	2.11e-31	116
Rat_6	O97125.1	96.364	55	2	0	6	60	2	56	1.19e-30	114
Rat_6	P41827.1	98.148	54	1	0	7	60	4	57	1.65e-30	114
Rat_6	P41825.1	98.148	54	1	0	7	60	4	57	1.65e-30	114
Rat_6	P41826.1	98.148	54	1	0	7	60	4	57	1.82e-30	114
Rat_6	P27541.1	98.148	54	1	0	7	60	5	58	4.69e-30	112
Rat_6	P09446.2	96.296	54	2	0	7	60	6	59	6.45e-30	112
Rat_6	P91902.1	96.296	54	2	0	7	60	3	56	8.06e-30	112
Rat_6	P08418.2	96.296	54	2	0	7	60	4	57	8.46e-30	112
Rat_7	Q9TUG3.1	100.000	60	0	0	1	60	1	60	1.49e-35	128
Rat_7	P34933.2	100.000	60	0	0	1	60	1	60	1.64e-35	127
Rat_7	P54652.1	100.000	60	0	0	1	60	1	60	1.68e-35	127
Rat_7	P14659.2	100.000	60	0	0	1	60	1	60	1.69e-35	127
Rat_7	P08106.1	96.667	60	2	0	1	60	1	60	1.51e-34	125
Rat_7	Q91233.1	96.610	59	2	0	2	60	3	61	7.03e-34	123
Rat_7	P55063.2	96.491	57	2	0	4	60	5	61	1.27e-31	117
Rat_7	P16627.4	96.491	57	2	0	4	60	5	61	1.32e-31	117
Rat_7	Q06248.1	96.429	56	2	0	5	60	4	59	2.11e-31	116
Rat_7	O97125.1	96.364	55	2	0	6	60	2	56	1.19e-30	114
Rat_7	P41827.1	98.148	54	1	0	7	60	4	57	1.65e-30	114
Rat_7	P41825.1	98.148	54	1	0	7	60	4	57	1.65e-30	114
Rat_7	P41826.1	98.148	54	1	0	7	60	4	57	1.82e-30	114
Rat_7	P27541.1	98.148	54	1	0	7	60	5	58	4.69e-30	112
Rat_7	P09446.2	96.296	54	2	0	7	60	6	59	6.45e-30	112
Rat_7	P91902.1	96.296	54	2	0	7	60	3	56	8.06e-30	112
Rat_7	P08418.2	96.296	54	2	0	7	60	4	57	8.46e-30	112
Rat_8	Q2TBX4.1	100.000	60	0	0	1	60	1	60	1.94e-34	123
Rat_8	O35162.2	100.000	60	0	0	1	60	1	60	2.60e-34	123
Rat_8	Q8BM72.1	100.000	60	0	0	1	60	1	60	2.79e-34	123
Rat_8	P48723.1	98.333	60	1	0	1	60	1	60	9.51e-34	121
Rat_8	Q5R8D9.1	98.333	60	1	0	1	60	1	60	1.12e-33	121
Rat_9	Q2TBX4.1	100.000	60	0	0	1	60	1	60	1.94e-34	123
Rat_9	O35162.2	100.000	60	0	0	1	60	1	60	2.60e-34	123
Rat_9	Q8BM72.1	100.000	60	0	0	1	60	1	60	2.79e-34	123
Rat_9	P48723.1	98.333	60	1	0	1	60	1	60	9.51e-34	121
Rat_9	Q5R8D9.1	98.333	60	1	0	1	60	1	60	1.12e-33	121
Rat_10	Q8K0U4.1	98.333	60	1	0	1	60	1	60	2.25e-33	122
Rat_12	P55063.2	100.000	60	0	0	1	60	1	60	1.85e-35	127
Rat_12	P16627.4	100.000	60	0	0	1	60	1	60	2.10e-35	127
Rat_12	Q4R888.1	96.667	60	2	0	1	60	1	60	1.23e-33	122
Rat_12	P0CB32.1	96.667	60	2	0	1	60	1	60	2.42e-33	122
Rat_12	A5A8V7.1	96.667	60	2	0	1	60	1	60	2.70e-33	121
Rat_12	Q27975.2	98.214	56	1	0	5	60	3	58	7.30e-32	117
Rat_12	P08106.1	98.214	56	1	0	5	60	4	59	8.93e-32	117
Rat_12	Q9TUG3.1	96.429	56	2	0	5	60	4	59	1.95e-31	116
Rat_12	P34933.2	96.429	56	2	0	5	60	4	59	2.01e-31	116
Rat_12	P14659.2	96.429	56	2	0	5	60	4	59	2.10e-31	116
Rat_12	P54652.1	96.429	56	2	0	5	60	4	59	2.32e-31	116
Rat_12	Q6S4N2.1	96.429	56	2	0	5	60	3	58	3.07e-31	115
Rat_12	Q28222.1	96.429	56	2	0	5	60	3	58	5.57e-31	115
Rat_12	Q7YQC6.1	96.429	56	2	0	5	60	3	58	5.71e-31	115
Rat_12	P0DMV8.1	96.429	56	2	0	5	60	3	58	6.12e-31	115
Rat_12	Q61696.2	96.429	56	2	0	5	60	3	58	6.24e-31	115
Rat_12	P17879.3	96.429	56	2	0	5	60	3	58	6.31e-31	115
Rat_12	Q27965.1	96.429	56	2	0	5	60	3	58	6.42e-31	115
Rat_12	Q4U0F3.1	96.429	56	2	0	5	60	3	58	6.62e-31	115
Rat_12	P0DMW0.1	96.429	56	2	0	5	60	3	58	7.74e-31	114
Rat_12	P41827.1	98.113	53	1	0	8	60	4	56	3.48e-30	113
Rat_12	P41826.1	98.113	53	1	0	8	60	4	56	3.99e-30	112
Rat_12	P41825.1	98.113	53	1	0	8	60	4	56	3.99e-30	112
Rat_12	P27541.1	98.113	53	1	0	8	60	5	57	1.17e-29	111
Rat_12	P08418.2	96.226	53	2	0	8	60	4	56	2.03e-29	110
Rat_12	O97125.1	96.226	53	2	0	8	60	3	55	3.36e-29	110
Rat_13	P0DMW0.1	100.000	60	0	0	1	60	1	60	5.79e-35	126
Rat_13	Q61696.2	98.333	60	1	0	1	60	1	60	2.77e-34	124
Rat_13	P17879.3	98.333	60	1	0	1	60	1	60	2.84e-34	124
Rat_13	Q4U0F3.1	98.333	60	1	0	1	60	1	60	3.19e-34	124
Rat_13	Q27965.1	98.333	60	1	0	1	60	1	60	3.35e-34	124
Rat_13	Q6S4N2.1	96.667	60	2	0	1	60	1	60	1.33e-33	122
Rat_13	Q7YQC6.1	96.667	60	2	0	1	60	1	60	1.49e-33	122
Rat_13	Q27975.2	96.667	60	2	0	1	60	1	60	1.52e-33	122
Rat_13	Q28222.1	96.667	60	2	0	1	60	1	60	1.75e-33	122
Rat_13	P0DMV8.1	96.667	60	2	0	1	60	1	60	1.93e-33	122
Rat_13	P0CB32.1	98.305	59	1	0	2	60	4	62	4.61e-33	121
Rat_13	A5A8V7.1	98.305	59	1	0	2	60	4	62	5.34e-33	120
Rat_13	Q4R888.1	96.610	59	2	0	2	60	4	62	2.59e-32	119
Rat_13	P34931.2	96.610	59	2	0	2	60	4	62	2.98e-32	119
Rat_13	P08106.1	96.552	58	2	0	3	60	4	61	5.96e-32	118
Rat_13	P55063.2	96.552	58	2	0	3	60	5	62	7.09e-32	117
Rat_13	P16627.4	96.552	58	2	0	3	60	5	62	7.59e-32	117
Rat_13	P41826.1	96.429	56	2	0	5	60	3	58	1.54e-31	117
Rat_13	P41825.1	96.429	56	2	0	5	60	3	58	1.54e-31	117
Rat_13	P41827.1	96.429	56	2	0	5	60	3	58	1.59e-31	117
Rat_13	P27541.1	96.491	57	2	0	4	60	3	59	1.75e-31	116
Rat_13	P08418.2	96.364	55	2	0	6	60	4	58	1.14e-30	114
Rat_13	P91902.1	96.364	55	2	0	6	60	3	57	1.20e-30	114
Rat_13	O97125.1	96.364	55	2	0	6	60	3	57	2.45e-30	113
Rat_14	P06761.1	100.000	60	0	0	1	60	1	60	3.61e-34	124
Rat_14	G3I8R9.1	96.667	60	2	0	1	60	1	60	3.67e-33	121
Rat_14	P20029.3	98.333	60	1	0	1	60	2	61	1.20e-32	120
Rat_15	Q6AYB4.1	100.000	60	0	0	1	60	1	60	6.02e-34	122
Rat_16	P50503.1	100.000	60	0	0	1	60	1	60	2.02e-36	127
Rat_16	Q99L47.1	100.000	60	0	0	1	60	1	60	2.11e-36	127
